1.0;2;30203
10.0;18;30225
100.0;82;30314
101.0;83;30314
102.0;84;30314
103.0;85;30314
104.0;86;30314
105.0;87;30314
106.0;88;30314
107.0;89;30314
108.0;90;30314
109.0;91;30314
11.0;21;30231
110.0;92;30314
111.0;93;30314
112.0;94;30314
113.0;95;30314
114.0;96;30314
115.0;97;30314
116.0;98;30314
117.0;99;30314
118.0;100;30314
119.0;101;30314
12.0;27;30222
120.0;102;30314
121.0;103;30314
122.0;104;30314
123.0;105;30314
124.0;106;30314
125.0;107;30314
126.0;108;30314
127.0;109;30314
128.0;110;30314
129.0;111;30314
13.0;29;30207
130.0;112;30314
131.0;113;30314
132.0;115;30404
133.0;118;30409
134.0;119;30310
135.0;120;30310
136.0;121;30310
137.0;122;30310
138.0;123;30310
139.0;124;30310
14.0;30;30221
140.0;125;30310
141.0;126;30310
142.0;127;30310
143.0;128;30410
144.0;129;30410
145.0;130;30410
146.0;131;30410
147.0;132;30410
148.0;133;30410
149.0;134;30410
15.0;39;30232
150.0;135;30410
151.0;136;30410
152.0;137;30411
153.0;138;30411
154.0;139;30311
155.0;140;30311
156.0;141;30311
157.0;142;30311
158.0;143;30311
159.0;144;30311
16.0;40;30233
160.0;145;30311
161.0;146;30311
162.0;147;30414
163.0;148;30416
164.0;149;30316
165.0;150;30316
166.0;151;30316
167.0;152;30316
168.0;153;30316
169.0;154;30316
17.0;41;30234
170.0;155;30316
171.0;156;30316
172.0;157;30316
173.0;158;30316
174.0;159;30417
175.0;160;30317
176.0;161;30317
177.0;162;30317
178.0;163;30317
179.0;164;30317
18.0;42;30237
180.0;165;30419
181.0;166;30421
182.0;167;30423
183.0;168;30423
184.0;169;30423
185.0;170;30423
186.0;171;30319
187.0;172;30319
188.0;173;30319
189.0;174;30319
19.0;1;30202
190.0;175;30319
191.0;176;30319
192.0;177;30319
193.0;178;30319
194.0;179;30319
195.0;180;30319
196.0;181;30319
197.0;182;30319
198.0;183;30319
199.0;184;30319
2.0;7;30220
20.0;3;30208
200.0;185;30319
201.0;186;30319
202.0;187;30319
203.0;188;30319
204.0;189;30319
205.0;190;30424
206.0;192;30320
207.0;193;30320
208.0;195;30427
209.0;196;30428
21.0;4;30210
210.0;197;30428
211.0;198;30428
212.0;199;30428
213.0;205;30459
214.0;206;30459
215.0;207;30459
216.0;208;30459
217.0;209;30459
218.0;210;30459
219.0;211;30459
22.0;5;30216
220.0;212;30459
221.0;213;30459
222.0;214;30459
223.0;215;30459
224.0;216;30459
225.0;217;30459
226.0;218;30459
227.0;219;30459
228.0;220;30459
229.0;221;30459
23.0;6;30219
230.0;222;30459
231.0;223;30459
232.0;226;30466
233.0;227;30466
234.0;228;30466
235.0;229;30466
236.0;230;30466
237.0;231;30466
238.0;232;30466
239.0;233;30466
24.0;13;30213
240.0;234;30466
241.0;235;30466
242.0;236;30466
243.0;237;30466
244.0;238;30466
245.0;239;30466
246.0;240;30466
247.0;241;30466
248.0;242;30466
249.0;243;30466
25.0;14;30214
250.0;244;30466
251.0;245;30466
252.0;246;30466
253.0;247;30466
254.0;248;30466
255.0;249;30466
256.0;250;30466
257.0;251;30466
258.0;252;30466
259.0;253;30466
26.0;17;30224
260.0;254;30466
261.0;255;30466
262.0;256;30466
263.0;257;30466
264.0;258;30466
265.0;259;30466
266.0;262;30309
267.0;263;30309
268.0;264;30309
269.0;265;30309
27.0;19;30226
270.0;266;30309
271.0;267;30309
272.0;268;30309
273.0;269;30309
274.0;270;30309
275.0;271;30309
276.0;272;30309
277.0;273;30309
278.0;274;30309
279.0;275;30309
28.0;20;30228
280.0;276;30309
281.0;277;30309
282.0;278;30309
283.0;279;30309
284.0;280;30309
285.0;281;30309
286.0;282;30309
287.0;283;30309
288.0;284;30309
289.0;285;30309
29.0;22;30209
290.0;286;30309
291.0;287;30309
292.0;288;30309
293.0;289;30309
294.0;290;30309
295.0;291;30309
296.0;292;30309
297.0;293;30309
298.0;294;30309
299.0;295;30403
3.0;8;30227
30.0;23;30211
300.0;296;30403
301.0;297;30403
302.0;298;30403
303.0;299;30403
304.0;300;30403
305.0;301;30403
306.0;302;30403
307.0;303;30403
308.0;304;30403
309.0;305;30403
31.0;24;30212
310.0;306;30403
311.0;307;30403
312.0;308;30403
313.0;309;30403
314.0;310;30402
315.0;311;30402
316.0;312;30402
317.0;313;30402
318.0;314;30402
319.0;315;30402
32.0;25;30217
320.0;316;30402
321.0;317;30402
322.0;318;30402
323.0;319;30402
324.0;320;30402
325.0;321;30402
326.0;322;30402
327.0;323;30402
328.0;324;30402
329.0;325;30402
33.0;26;30204
330.0;326;30402
331.0;327;30402
332.0;328;30402
333.0;329;30402
334.0;330;30402
335.0;331;30402
336.0;332;30402
337.0;333;30402
338.0;334;30402
339.0;335;30402
34.0;28;30205
340.0;336;30402
341.0;337;30402
342.0;338;30402
343.0;339;30402
344.0;340;30402
345.0;341;30402
346.0;342;30402
347.0;343;30402
348.0;344;30402
349.0;345;30402
35.0;31;30223
350.0;346;30402
351.0;347;30402
352.0;348;30402
353.0;349;30402
354.0;350;30402
355.0;351;30402
356.0;352;30460
357.0;353;30407
358.0;354;30407
359.0;355;30407
36.0;32;30223
360.0;356;30407
361.0;357;30407
362.0;358;30408
363.0;359;30308
364.0;360;30308
365.0;361;30308
366.0;362;30308
367.0;363;30308
368.0;364;30308
369.0;365;30308
37.0;33;30223
370.0;366;30412
371.0;367;30412
372.0;368;30412
373.0;369;30412
374.0;370;30412
375.0;371;30412
376.0;372;30412
377.0;373;30412
378.0;374;30412
379.0;375;30412
38.0;34;30223
380.0;376;30413
381.0;377;30313
382.0;378;30415
383.0;379;30415
384.0;380;30415
385.0;381;30415
386.0;382;30415
387.0;383;30415
388.0;384;30418
389.0;385;30418
39.0;35;30223
390.0;386;30418
391.0;387;30418
392.0;388;30418
393.0;389;30418
394.0;390;30418
395.0;391;30418
396.0;392;30418
397.0;393;30418
398.0;394;30418
399.0;395;30418
4.0;9;30235
40.0;36;30229
400.0;396;30418
401.0;397;30418
402.0;398;30418
403.0;399;30418
404.0;400;30318
405.0;401;30318
406.0;402;30318
407.0;403;30318
408.0;404;30318
409.0;405;30318
41.0;37;30229
410.0;406;30318
411.0;407;30312
412.0;408;30312
413.0;409;30312
414.0;410;30312
415.0;411;30312
416.0;412;30312
417.0;413;30312
418.0;414;30312
419.0;415;30312
42.0;38;30230
420.0;416;30422
421.0;417;30429
422.0;419;30302
423.0;420;30302
424.0;421;30302
425.0;425;30432
426.0;429;30443
427.0;439;30431
428.0;440;30434
429.0;441;30435
43.0;43;30104
430.0;446;30442
431.0;450;30456
432.0;426;30433
433.0;427;30439
434.0;428;30441
435.0;430;30444
436.0;431;30445
437.0;432;30446
438.0;433;30447
439.0;434;30448
44.0;44;30105
440.0;435;30449
441.0;436;30451
442.0;437;30452
443.0;438;30454
444.0;442;30436
445.0;443;30437
446.0;444;30438
447.0;445;30440
448.0;447;30450
449.0;448;30453
45.0;45;30106
450.0;449;30455
451.0;451;30457
452.0;452;30462
453.0;453;30470
454.0;454;30471
455.0;455;30474
456.0;456;30475
457.0;457;30476
458.0;458;30483
459.0;459;30469
46.0;200;30103
460.0;460;30473
461.0;461;30477
462.0;462;30480
463.0;463;30481
464.0;464;30482
465.0;465;30478
466.0;466;30472
467.0;467;30479
468.0;468;30485
469.0;469;30486
47.0;201;30108
470.0;470;30487
471.0;471;30490
472.0;472;30491
473.0;473;30494
474.0;474;30484
475.0;475;30488
476.0;476;30489
477.0;477;30492
478.0;478;30495
479.0;479;30496
48.0;422;30101
480.0;480;30493
49.0;423;30102
5.0;10;30236
50.0;424;30107
51.0;46;30406
52.0;47;30465
53.0;114;30458
54.0;116;30461
55.0;117;30306
56.0;191;30425
57.0;194;30426
58.0;202;30401
59.0;203;30464
6.0;11;30201
60.0;204;30303
61.0;224;30405
62.0;225;30305
63.0;260;30304
64.0;261;30420
65.0;418;30430
66.0;48;30314
67.0;49;30314
68.0;50;30314
69.0;51;30314
7.0;12;30206
70.0;52;30314
71.0;53;30314
72.0;54;30314
73.0;55;30314
74.0;56;30314
75.0;57;30314
76.0;58;30314
77.0;59;30314
78.0;60;30314
79.0;61;30314
8.0;15;30215
80.0;62;30314
81.0;63;30314
82.0;64;30314
83.0;65;30314
84.0;66;30314
85.0;67;30314
86.0;68;30314
87.0;69;30314
88.0;70;30314
89.0;71;30314
9.0;16;30218
90.0;72;30314
91.0;73;30314
92.0;74;30314
93.0;75;30314
94.0;76;30314
95.0;77;30314
96.0;78;30314
97.0;79;30314
98.0;80;30314
99.0;81;30314